; Algoritmo: Lê o stream de bytes. Se tiver FF, adianta para o próximo byte e espera a próxima interrupção. 
; Se tiver outra coisa, é o número do registrador. Guarda. Lê o próximo, é o valor do registrador. 
; Guarda. Escreve no registrador o valor. Repete até achar 0x28.

CLS:		equ 0x00c3
CHPUT:      equ 0x00a2   ; imprime 1 caractere na tela
wrtpsg: equ  0093h

org 0xC000

start:

            xor a
            call CLS	; limpa a tela

            LD HL,NOME  ; imprime nome do programa
            call MostraTXT

replay_PSG:
  
  ld hl,DATA_0      ; DATA TO BE SENT TO PLAYER
loop:   ld A,(hl) ; 
        cp 0x28   ; 0x28 marks the end of data
        ret z
        cp 0xFF   ; if FF, waits for interrupt
        jr z, WAIT_INTERRUPT
        inc hl	  ; gets the data to the register.
  	    ld e,(hl)
        call wrtpsg
        INC HL	; gets the next register
        jr loop
WAIT_INTERRUPT:
		INC HL
  		HALT
        jr loop


; Imprime a string em HL
MostraTXT:
	LD A,(HL)
	or A
	ret z
	CALL CHPUT
	inc HL
    jr MostraTXT

NOME: DB "Exemplo replay musica formato .psg",0


DATA_0: DB 255, 255, 255, 255, 255, 255, 255, 255, 255, 255, 255, 255, 255, 255, 255, 255, 255, 255, 255, 255, 255, 255, 0, 18, 2, 52, 8, 0, 9, 0, 10, 0, 0, 0, 1, 0, 2, 0, 3, 0, 4, 0, 5, 0, 6, 0, 7, 128, 8, 0, 9, 0, 10, 0, 11, 0, 12, 0, 13, 0, 255, 255, 255, 255, 255, 255, 255, 255, 255, 255, 255, 255, 255, 255, 255, 255, 1, 0, 0, 11, 1, 0, 0, 171, 3, 0, 2, 13, 3, 3, 2, 93, 5, 0, 4, 15, 6, 16, 5, 1, 4, 31, 6, 16, 6, 16, 8, 13, 9, 12, 10, 13, 7, 184, 10, 13, 7, 152, 255, 255, 8, 12, 9, 12, 10, 13, 7, 152, 10, 12, 7, 152, 255, 255, 9, 11, 10, 12, 7, 152, 10, 11, 7, 152, 255, 8, 12, 9, 10, 255, 9, 10, 10, 10, 7, 152, 10, 10, 7, 184, 255, 9, 9, 255, 255, 8, 11, 255, 6, 16, 10, 11, 7, 152, 255, 8, 10, 10, 10, 7, 152, 255, 10, 10, 7, 184, 255, 255, 255, 255, 255, 255, 255, 255, 255, 255, 1, 0, 0, 160, 1, 0, 0, 0, 3, 3, 2, 80, 3, 0, 2, 0, 8, 14, 9, 11, 255, 5, 1, 4, 16, 6, 16, 5, 0, 4, 0, 6, 16, 6, 31, 9, 12, 10, 12, 7, 184, 10, 14, 7, 152, 255, 8, 13, 9, 12, 10, 14, 7, 152, 10, 13, 7, 152, 255, 10, 13, 7, 152, 10, 12, 7, 152, 255, 8, 12, 9, 12, 10, 12, 7, 152, 10, 12, 7, 152, 255, 10, 12, 7, 152, 255, 9, 11, 10, 11, 7, 152, 10, 11, 7, 152, 255, 8, 12, 9, 10, 10, 11, 7, 152, 255, 9, 10, 10, 10, 7, 152, 10, 10, 7, 184, 255, 9, 9, 255, 255, 255, 1, 0, 0, 8, 1, 0, 0, 152, 3, 0, 2, 15, 3, 2, 2, 255, 5, 0, 4, 0, 6, 31, 5, 1, 4, 0, 6, 31, 6, 16, 8, 14, 9, 11, 10, 12, 7, 184, 10, 12, 7, 152, 255, 255, 8, 13, 9, 12, 10, 13, 7, 152, 10, 13, 7, 184, 255, 255, 8, 12, 9, 12, 10, 12, 7, 184, 255, 255, 9, 11, 10, 11, 7, 184, 255, 8, 12, 9, 10, 255, 9, 10, 10, 10, 7, 184, 255, 9, 9, 255, 255, 8, 11, 255, 6, 16, 10, 12, 7, 152, 255, 8, 10, 10, 12, 7, 152, 255, 10, 12, 7, 152, 255, 255, 10, 10, 7, 152, 255, 255, 10, 10, 7, 152, 255, 255, 10, 10, 7, 184, 255, 255, 255, 255, 1, 0, 0, 144, 1, 0, 0, 0, 3, 2, 2, 240, 3, 0, 2, 0, 8, 14, 9, 11, 255, 5, 1, 4, 0, 6, 16, 5, 0, 4, 0, 6, 16, 6, 16, 9, 12, 10, 12, 7, 184, 10, 12, 7, 152, 255, 8, 13, 9, 12, 10, 13, 7, 152, 10, 13, 7, 184, 255, 10, 12, 7, 184, 255, 8, 12, 9, 12, 10, 12, 7, 184, 255, 255, 9, 11, 10, 11, 7, 184, 255, 255, 8, 12, 9, 10, 10, 10, 7, 184, 255, 255, 9, 9, 255, 8, 11, 255, 1, 0, 0, 0, 1, 0, 0, 128, 6, 31, 8, 14, 255, 10, 14, 7, 152, 255, 8, 13, 10, 13, 7, 152, 255, 10, 12, 7, 152, 255, 8, 12, 10, 11, 7, 152, 255, 10, 10, 7, 152, 255, 10, 10, 7, 152, 255, 8, 12, 10, 10, 7, 152, 255, 10, 10, 7, 184, 255, 255, 255, 255, 1, 0, 0, 128, 1, 0, 0, 144, 3, 0, 2, 11, 3, 2, 2, 171, 5, 0, 4, 4, 6, 31, 5, 0, 4, 228, 6, 31, 6, 16, 8, 14, 9, 11, 10, 12, 7, 184, 10, 13, 7, 152, 255, 255, 8, 13, 9, 12, 10, 13, 7, 152, 255, 255, 8, 12, 9, 12, 10, 13, 7, 152, 10, 12, 7, 152, 255, 10, 12, 7, 152, 255, 9, 11, 10, 11, 7, 152, 10, 11, 7, 152, 255, 8, 12, 9, 10, 10, 11, 7, 152, 255, 9, 10, 10, 10, 7, 152, 10, 10, 7, 184, 255, 9, 9, 255, 255, 8, 11, 255, 255, 8, 10, 255, 255, 255, 255, 255, 255, 255, 255, 255, 255, 255, 3, 2, 2, 166, 3, 1, 2, 86, 9, 11, 255, 6, 16, 9, 12, 10, 14, 7, 152, 255, 9, 12, 10, 13, 7, 152, 255, 255, 9, 12, 10, 12, 7, 152, 255, 10, 11, 7, 152, 255, 9, 11, 10, 10, 7, 152, 255, 255, 9, 10, 10, 10, 7, 184, 255, 255, 9, 9, 255, 255, 3, 1, 2, 80, 3, 1, 2, 128, 6, 31, 9, 11, 255, 9, 12, 10, 14, 7, 152, 255, 9, 12, 10, 13, 7, 152, 255, 10, 12, 7, 152, 255, 9, 12, 10, 11, 7, 152, 255, 10, 10, 7, 152, 255, 9, 11, 10, 10, 7, 152, 255, 9, 10, 10, 10, 7, 152, 255, 9, 10, 10, 10, 7, 184, 255, 9, 9, 255, 255, 255, 3, 1, 2, 143, 3, 1, 2, 175, 6, 16, 9, 11, 10, 11, 7, 152, 255, 255, 9, 12, 10, 10, 7, 184, 255, 255, 9, 12, 255, 255, 9, 11, 255, 9, 10, 255, 9, 10, 255, 9, 9, 255, 255, 255, 1, 0, 0, 144, 1, 0, 0, 0, 8, 14, 9, 11, 255, 3, 1, 2, 175, 3, 2, 2, 63, 5, 0, 4, 232, 6, 16, 5, 0, 4, 72, 6, 16, 6, 31, 9, 12, 10, 13, 7, 184, 10, 13, 7, 152, 255, 8, 13, 9, 12, 10, 12, 7, 152, 10, 12, 7, 152, 255, 255, 8, 12, 9, 12, 10, 12, 7, 152, 10, 11, 7, 152, 255, 255, 9, 11, 10, 12, 7, 152, 10, 12, 7, 152, 255, 8, 12, 255, 9, 10, 10, 12, 7, 184, 255, 9, 9, 255, 10, 11, 7, 184, 255, 8, 11, 10, 10, 7, 184, 255, 3, 2, 2, 48, 3, 1, 2, 128, 9, 11, 10, 8, 7, 184, 255, 6, 16, 8, 10, 9, 12, 10, 6, 7, 184, 10, 8, 7, 152, 255, 9, 12, 10, 8, 7, 156, 10, 0, 7, 188, 255, 255, 9, 12, 255, 255, 9, 11, 10, 12, 7, 184, 255, 255, 9, 10, 255, 255, 9, 9, 10, 11, 7, 184, 255, 10, 10, 7, 184, 255, 3, 1, 2, 143, 3, 1, 2, 175, 9, 11, 10, 12, 7, 184, 255, 6, 31, 9, 12, 10, 13, 7, 184, 10, 14, 7, 152, 255, 9, 12, 10, 14, 7, 152, 10, 13, 7, 152, 255, 10, 12, 7, 152, 255, 9, 12, 10, 12, 7, 152, 10, 11, 7, 152, 255, 10, 11, 7, 152, 10, 10, 7, 152, 255, 9, 11, 10, 10, 7, 152, 10, 10, 7, 152, 255, 9, 10, 10, 10, 7, 152, 10, 8, 7, 152, 255, 9, 10, 10, 8, 7, 156, 10, 0, 7, 188, 255, 9, 9, 255, 255, 255, 3, 1, 2, 168, 3, 1, 2, 200, 6, 31, 9, 11, 10, 12, 7, 184, 10, 14, 7, 152, 255, 255, 9, 12, 10, 13, 7, 152, 255, 255, 9, 12, 10, 13, 7, 152, 10, 11, 7, 152, 255, 10, 11, 7, 152, 10, 10, 7, 152, 255, 9, 11, 10, 10, 7, 152, 10, 10, 7, 152, 255, 9, 10, 10, 10, 7, 152, 10, 8, 7, 152, 255, 9, 10, 10, 8, 7, 156, 10, 0, 7, 188, 255, 9, 9, 255, 255, 255, 1, 0, 0, 11, 1, 0, 0, 171, 3, 1, 2, 205, 3, 3, 2, 93, 8, 14, 9, 11, 255, 5, 0, 4, 79, 6, 31, 5, 1, 4, 31, 6, 31, 6, 16, 9, 12, 10, 12, 7, 184, 10, 14, 7, 152, 255, 8, 13, 9, 12, 10, 14, 7, 152, 10, 13, 7, 152, 255, 255, 8, 12, 9, 12, 10, 13, 7, 152, 10, 12, 7, 152, 255, 255, 9, 11, 10, 12, 7, 152, 10, 11, 7, 152, 255, 8, 12, 9, 10, 255, 9, 10, 10, 10, 7, 152, 10, 10, 7, 184, 255, 9, 9, 255, 255, 8, 11, 255, 6, 16, 10, 11, 7, 152, 255, 8, 10, 10, 10, 7, 152, 255, 10, 10, 7, 184, 255, 255, 255, 255, 255, 255, 255, 255, 255, 255, 1, 0, 0, 160, 1, 0, 0, 0, 3, 3, 2, 80, 3, 0, 2, 0, 8, 14, 9, 11, 255, 5, 1, 4, 16, 6, 16, 5, 0, 4, 0, 6, 16, 6, 31, 9, 12, 10, 12, 7, 184, 10, 14, 7, 152, 255, 8, 13, 9, 12, 10, 14, 7, 152, 10, 13, 7, 152, 255, 10, 13, 7, 152, 10, 12, 7, 152, 255, 8, 12, 9, 12, 10, 12, 7, 152, 10, 12, 7, 152, 255, 10, 12, 7, 152, 255, 9, 11, 10, 11, 7, 152, 10, 11, 7, 152, 255, 8, 12, 9, 10, 10, 11, 7, 152, 255, 9, 10, 10, 10, 7, 152, 10, 10, 7, 184, 255, 9, 9, 255, 255, 255, 1, 0, 0, 8, 1, 0, 0, 152, 3, 0, 2, 15, 3, 2, 2, 255, 5, 0, 4, 0, 6, 31, 5, 1, 4, 0, 6, 31, 6, 16, 8, 14, 9, 11, 10, 12, 7, 184, 10, 12, 7, 152, 255, 255, 8, 13, 9, 12, 10, 13, 7, 152, 10, 13, 7, 184, 255, 255, 8, 12, 9, 12, 10, 12, 7, 184, 255, 255, 9, 11, 10, 11, 7, 184, 255, 8, 12, 9, 10, 255, 9, 10, 10, 10, 7, 184, 255, 9, 9, 255, 255, 8, 11, 255, 6, 16, 10, 12, 7, 152, 255, 8, 10, 10, 12, 7, 152, 255, 10, 12, 7, 152, 255, 255, 10, 10, 7, 152, 255, 255, 10, 10, 7, 152, 255, 255, 10, 10, 7, 184, 255, 255, 255, 255, 1, 0, 0, 144, 1, 0, 0, 0, 3, 2, 2, 240, 3, 0, 2, 0, 8, 14, 9, 11, 255, 5, 1, 4, 0, 6, 16, 5, 0, 4, 0, 6, 16, 6, 16, 9, 12, 10, 12, 7, 184, 10, 12, 7, 152, 255, 8, 13, 9, 12, 10, 13, 7, 152, 10, 13, 7, 184, 255, 10, 12, 7, 184, 255, 8, 12, 9, 12, 10, 12, 7, 184, 255, 255, 9, 11, 10, 11, 7, 184, 255, 255, 8, 12, 255, 9, 10, 10, 10, 7, 184, 255, 9, 9, 255, 8, 11, 255, 255, 1, 0, 0, 0, 1, 0, 0, 192, 3, 0, 2, 0, 3, 3, 2, 144, 8, 14, 9, 11, 255, 6, 31, 9, 12, 10, 14, 7, 152, 255, 8, 13, 9, 12, 10, 13, 7, 152, 255, 10, 12, 7, 152, 255, 8, 12, 9, 12, 10, 11, 7, 152, 255, 10, 10, 7, 152, 255, 9, 11, 10, 10, 7, 152, 255, 8, 12, 9, 10, 10, 10, 7, 152, 255, 9, 10, 10, 10, 7, 184, 255, 9, 9, 255, 255, 255, 1, 0, 0, 192, 1, 0, 0, 144, 3, 3, 2, 155, 3, 2, 2, 171, 5, 0, 4, 11, 6, 31, 5, 0, 4, 171, 6, 31, 6, 16, 8, 14, 9, 11, 10, 12, 7, 184, 10, 13, 7, 152, 255, 255, 8, 13, 9, 12, 10, 13, 7, 152, 255, 255, 8, 12, 9, 12, 10, 13, 7, 152, 10, 12, 7, 152, 255, 10, 12, 7, 152, 255, 9, 11, 10, 11, 7, 152, 10, 11, 7, 152, 255, 8, 12, 9, 10, 10, 11, 7, 152, 255, 9, 10, 10, 10, 7, 152, 10, 10, 7, 184, 255, 9, 9, 255, 255, 8, 11, 255, 255, 8, 10, 255, 255, 255, 255, 255, 255, 255, 255, 255, 255, 255, 3, 2, 2, 175, 3, 2, 2, 63, 6, 16, 9, 11, 255, 9, 12, 10, 14, 7, 152, 255, 9, 12, 10, 13, 7, 152, 255, 255, 9, 12, 10, 12, 7, 152, 255, 10, 11, 7, 152, 255, 9, 11, 10, 10, 7, 152, 255, 255, 9, 10, 10, 10, 7, 184, 255, 255, 9, 9, 255, 255, 5, 0, 4, 168, 6, 16, 5, 0, 4, 72, 6, 16, 10, 12, 7, 184, 255, 6, 31, 10, 13, 7, 184, 10, 14, 7, 152, 255, 10, 14, 7, 152, 10, 13, 7, 152, 255, 10, 12, 7, 152, 255, 10, 12, 7, 152, 10, 11, 7, 152, 255, 10, 11, 7, 152, 10, 10, 7, 152, 255, 10, 12, 7, 152, 10, 12, 7, 152, 255, 10, 13, 7, 152, 10, 13, 7, 152, 255, 10, 12, 7, 152, 10, 12, 7, 184, 255, 255, 10, 11, 7, 184, 255, 255, 3, 2, 2, 63, 3, 1, 2, 31, 6, 16, 9, 11, 10, 8, 7, 184, 10, 11, 7, 152, 255, 255, 9, 12, 10, 11, 7, 156, 10, 0, 7, 188, 255, 255, 9, 12, 255, 255, 9, 11, 10, 12, 7, 184, 255, 9, 10, 10, 13, 7, 184, 255, 9, 10, 10, 12, 7, 184, 255, 9, 9, 255, 10, 11, 7, 184, 255, 10, 10, 7, 184, 255, 3, 1, 2, 16, 3, 2, 2, 0, 9, 11, 10, 8, 7, 184, 255, 6, 31, 9, 12, 10, 6, 7, 184, 10, 12, 7, 152, 255, 9, 12, 10, 12, 7, 156, 10, 12, 7, 156, 255, 255, 9, 12, 10, 10, 7, 156, 255, 255, 9, 11, 10, 12, 7, 152, 10, 12, 7, 152, 255, 255, 9, 10, 10, 12, 7, 184, 255, 9, 9, 255, 10, 11, 7, 184, 255, 10, 10, 7, 184, 255, 3, 2, 2, 0, 3, 1, 2, 0, 9, 11, 10, 12, 7, 184, 255, 6, 16, 9, 12, 10, 13, 7, 184, 10, 13, 7, 152, 255, 9, 12, 10, 12, 7, 152, 10, 12, 7, 184, 255, 255, 9, 12, 10, 11, 7, 184, 255, 10, 10, 7, 184, 255, 9, 11, 10, 8, 7, 184, 255, 255, 9, 10, 10, 0, 7, 188, 255, 255, 9, 9, 255, 255, 3, 1, 2, 8, 3, 1, 2, 200, 9, 11, 10, 12, 7, 184, 255, 6, 31, 9, 12, 10, 13, 7, 184, 10, 14, 7, 152, 255, 9, 12, 10, 14, 7, 152, 10, 13, 7, 152, 255, 10, 12, 7, 152, 255, 9, 12, 10, 12, 7, 152, 10, 11, 7, 152, 255, 10, 11, 7, 152, 10, 10, 7, 152, 255, 9, 11, 10, 12, 7, 152, 255, 9, 10, 10, 13, 7, 152, 10, 13, 7, 152, 255, 9, 10, 10, 12, 7, 152, 10, 12, 7, 184, 255, 9, 9, 255, 10, 11, 7, 184, 255, 255, 3, 1, 2, 196, 3, 0, 2, 228, 6, 31, 9, 11, 10, 8, 7, 184, 10, 14, 7, 152, 255, 255, 9, 12, 10, 14, 7, 156, 10, 13, 7, 156, 255, 255, 9, 12, 10, 11, 7, 156, 255, 10, 10, 7, 156, 255, 9, 11, 10, 12, 7, 152, 255, 9, 10, 10, 13, 7, 152, 10, 13, 7, 152, 255, 9, 10, 10, 12, 7, 152, 10, 12, 7, 184, 255, 9, 9, 255, 10, 11, 7, 184, 255, 10, 10, 7, 184, 255, 1, 0, 0, 155, 1, 0, 0, 171, 8, 14, 255, 3, 0, 2, 237, 3, 3, 2, 93, 5, 0, 4, 79, 6, 31, 5, 1, 4, 31, 6, 31, 6, 16, 9, 12, 10, 12, 7, 184, 10, 14, 7, 152, 255, 8, 13, 9, 12, 10, 14, 7, 152, 10, 13, 7, 152, 255, 255, 8, 12, 9, 12, 10, 13, 7, 152, 10, 12, 7, 152, 255, 255, 9, 11, 10, 12, 7, 152, 10, 11, 7, 152, 255, 8, 12, 9, 10, 255, 9, 10, 10, 10, 7, 152, 10, 10, 7, 184, 255, 9, 9, 255, 255, 8, 11, 255, 6, 16, 10, 11, 7, 152, 255, 8, 10, 10, 10, 7, 152, 255, 10, 10, 7, 184, 255, 255, 255, 255, 255, 255, 255, 255, 255, 255, 1, 0, 0, 160, 1, 0, 0, 0, 3, 3, 2, 80, 3, 0, 2, 0, 8, 14, 9, 11, 255, 5, 1, 4, 16, 6, 16, 5, 0, 4, 0, 6, 16, 6, 31, 9, 12, 10, 12, 7, 184, 10, 14, 7, 152, 255, 8, 13, 9, 12, 10, 14, 7, 152, 10, 13, 7, 152, 255, 10, 13, 7, 152, 10, 12, 7, 152, 255, 8, 12, 9, 12, 10, 12, 7, 152, 10, 12, 7, 152, 255, 10, 12, 7, 152, 255, 9, 11, 10, 11, 7, 152, 10, 11, 7, 152, 255, 8, 12, 9, 10, 10, 11, 7, 152, 255, 9, 10, 10, 10, 7, 152, 10, 10, 7, 184, 255, 9, 9, 255, 255, 255, 1, 0, 0, 8, 1, 0, 0, 152, 3, 0, 2, 15, 3, 2, 2, 255, 5, 0, 4, 0, 6, 31, 5, 1, 4, 0, 6, 31, 6, 16, 8, 14, 9, 11, 10, 12, 7, 184, 10, 12, 7, 152, 255, 255, 8, 13, 9, 12, 10, 13, 7, 152, 10, 13, 7, 184, 255, 255, 8, 12, 9, 12, 10, 12, 7, 184, 255, 255, 9, 11, 10, 11, 7, 184, 255, 8, 12, 9, 10, 255, 9, 10, 10, 10, 7, 184, 255, 9, 9, 255, 255, 8, 11, 255, 6, 16, 10, 13, 7, 152, 255, 8, 10, 10, 14, 7, 152, 255, 10, 13, 7, 152, 255, 255, 10, 12, 7, 152, 255, 255, 10, 10, 7, 152, 255, 255, 10, 10, 7, 184, 255, 255, 255, 255, 1, 0, 0, 144, 1, 0, 0, 0, 3, 2, 2, 240, 3, 0, 2, 0, 8, 14, 9, 11, 255, 5, 1, 4, 0, 6, 16, 5, 0, 4, 0, 6, 16, 6, 16, 9, 12, 10, 12, 7, 184, 10, 12, 7, 152, 255, 8, 13, 9, 12, 10, 13, 7, 152, 10, 13, 7, 184, 255, 10, 12, 7, 184, 255, 8, 12, 9, 12, 10, 12, 7, 184, 255, 255, 9, 11, 10, 11, 7, 184, 255, 255, 8, 12, 9, 10, 10, 10, 7, 184, 255, 255, 9, 9, 255, 8, 11, 255, 1, 0, 0, 0, 1, 0, 0, 128, 6, 31, 8, 14, 255, 10, 14, 7, 152, 255, 8, 13, 10, 13, 7, 152, 255, 10, 12, 7, 152, 255, 8, 12, 10, 11, 7, 152, 255, 10, 10, 7, 152, 255, 10, 10, 7, 152, 255, 8, 12, 10, 10, 7, 152, 255, 10, 10, 7, 184, 255, 255, 255, 255, 1, 0, 0, 128, 1, 0, 0, 144, 3, 0, 2, 11, 3, 2, 2, 171, 5, 0, 4, 4, 6, 31, 5, 0, 4, 228, 6, 31, 6, 16, 8, 14, 9, 11, 10, 12, 7, 184, 10, 12, 7, 152, 255, 255, 8, 13, 9, 12, 10, 13, 7, 152, 10, 13, 7, 184, 255, 255, 8, 12, 9, 12, 10, 12, 7, 184, 255, 255, 9, 11, 10, 11, 7, 184, 255, 8, 12, 9, 10, 255, 9, 10, 10, 10, 7, 184, 255, 9, 9, 255, 255, 8, 11, 255, 255, 8, 10, 255, 255, 255, 255, 255, 255, 255, 255, 255, 255, 255, 3, 2, 2, 175, 3, 1, 2, 175, 9, 11, 255, 6, 16, 9, 12, 10, 10, 7, 152, 255, 9, 12, 10, 10, 7, 184, 255, 255, 9, 12, 255, 255, 9, 11, 255, 255, 9, 10, 255, 255, 9, 9, 255, 255, 3, 1, 2, 160, 3, 3, 2, 144, 6, 31, 9, 11, 255, 9, 12, 10, 14, 7, 152, 255, 9, 12, 10, 13, 7, 152, 255, 10, 12, 7, 152, 255, 9, 12, 10, 11, 7, 152, 255, 10, 10, 7, 152, 255, 9, 11, 10, 10, 7, 152, 255, 9, 10, 10, 10, 7, 152, 255, 9, 10, 10, 10, 7, 184, 255, 9, 9, 255, 255, 255, 3, 3, 2, 152, 3, 1, 2, 200, 6, 16, 9, 11, 10, 11, 7, 152, 255, 255, 9, 12, 10, 10, 7, 184, 255, 255, 9, 12, 255, 255, 9, 11, 255, 9, 10, 255, 9, 10, 255, 9, 9, 255, 255, 255, 1, 0, 0, 144, 1, 0, 0, 0, 8, 14, 9, 11, 255, 3, 1, 2, 192, 3, 2, 2, 0, 5, 0, 4, 224, 6, 16, 5, 0, 4, 0, 6, 16, 6, 16, 9, 12, 10, 12, 7, 184, 10, 14, 7, 152, 255, 8, 13, 9, 12, 10, 14, 7, 152, 10, 13, 7, 152, 255, 255, 8, 12, 9, 12, 10, 13, 7, 152, 10, 12, 7, 152, 255, 255, 9, 11, 10, 12, 7, 152, 10, 11, 7, 152, 255, 8, 12, 255, 9, 10, 10, 10, 7, 152, 10, 10, 7, 184, 255, 9, 9, 255, 255, 8, 11, 255, 1, 0, 0, 11, 1, 0, 0, 171, 8, 14, 9, 11, 255, 5, 0, 4, 7, 6, 16, 5, 0, 4, 215, 6, 16, 6, 31, 9, 12, 10, 12, 7, 184, 10, 12, 7, 152, 255, 8, 13, 9, 12, 10, 13, 7, 152, 10, 13, 7, 152, 255, 10, 12, 7, 152, 10, 12, 7, 152, 255, 8, 12, 9, 12, 10, 12, 7, 152, 10, 12, 7, 152, 255, 10, 12, 7, 152, 255, 9, 11, 10, 11, 7, 152, 10, 11, 7, 152, 255, 255, 8, 12, 9, 10, 10, 10, 7, 152, 10, 10, 7, 184, 255, 255, 9, 9, 255, 8, 11, 255, 1, 0, 0, 160, 1, 0, 0, 144, 3, 2, 2, 15, 3, 1, 2, 175, 8, 14, 9, 11, 255, 5, 0, 4, 219, 6, 31, 5, 0, 4, 171, 6, 31, 6, 31, 9, 12, 10, 12, 7, 184, 10, 12, 7, 152, 255, 8, 13, 9, 12, 10, 13, 7, 152, 10, 13, 7, 152, 255, 10, 12, 7, 152, 10, 12, 7, 152, 255, 8, 12, 9, 12, 10, 12, 7, 152, 10, 12, 7, 152, 255, 10, 12, 7, 152, 255, 9, 11, 10, 11, 7, 152, 10, 11, 7, 152, 255, 8, 12, 9, 10, 10, 11, 7, 152, 255, 9, 10, 10, 10, 7, 152, 10, 10, 7, 184, 255, 9, 9, 255, 255, 255, 1, 0, 0, 144, 1, 0, 0, 128, 3, 1, 2, 160, 3, 1, 2, 128, 5, 0, 4, 168, 6, 31, 5, 0, 4, 152, 6, 31, 6, 31, 8, 14, 9, 11, 10, 12, 7, 184, 10, 14, 7, 152, 255, 255, 8, 13, 9, 12, 10, 14, 7, 152, 10, 13, 7, 152, 255, 255, 8, 12, 9, 12, 10, 13, 7, 152, 10, 12, 7, 152, 255, 10, 12, 7, 152, 255, 9, 11, 10, 11, 7, 152, 10, 11, 7, 152, 255, 8, 12, 9, 10, 10, 11, 7, 152, 255, 9, 10, 10, 10, 7, 152, 10, 10, 7, 152, 255, 9, 9, 10, 10, 7, 184, 255, 255, 8, 11, 255, 9, 11, 255, 6, 16, 8, 10, 9, 12, 10, 14, 7, 152, 255, 9, 12, 10, 13, 7, 152, 255, 255, 9, 12, 10, 12, 7, 152, 255, 255, 9, 11, 10, 10, 7, 152, 255, 9, 10, 255, 9, 10, 10, 10, 7, 184, 255, 9, 9, 255, 255, 255, 9, 11, 255, 6, 16, 9, 12, 10, 10, 7, 152, 255, 9, 12, 10, 10, 7, 184, 255, 255, 9, 12, 255, 255, 9, 11, 255, 255, 9, 10, 255, 255, 9, 9, 255, 255, 9, 11, 255, 6, 31, 9, 12, 10, 14, 7, 152, 255, 9, 12, 10, 13, 7, 152, 255, 10, 12, 7, 152, 255, 9, 12, 10, 11, 7, 152, 255, 10, 10, 7, 152, 255, 9, 11, 10, 10, 7, 152, 255, 9, 10, 10, 10, 7, 152, 255, 9, 10, 10, 10, 7, 184, 255, 9, 9, 255, 255, 255, 6, 16, 9, 11, 10, 11, 7, 152, 255, 255, 9, 12, 10, 10, 7, 184, 255, 255, 9, 12, 255, 255, 9, 11, 255, 9, 10, 255, 9, 10, 255, 9, 9, 255, 255, 255, 9, 11, 255, 6, 16, 9, 12, 10, 14, 7, 152, 255, 9, 12, 10, 13, 7, 152, 255, 255, 9, 12, 10, 12, 7, 152, 255, 255, 9, 11, 10, 10, 7, 152, 255, 255, 9, 10, 10, 10, 7, 184, 255, 9, 9, 255, 255, 255, 9, 11, 255, 6, 16, 9, 12, 10, 10, 7, 152, 255, 9, 12, 10, 10, 7, 184, 255, 255, 9, 12, 255, 255, 9, 11, 255, 255, 9, 10, 255, 255, 9, 9, 255, 255, 9, 11, 255, 6, 31, 9, 12, 10, 14, 7, 152, 255, 9, 12, 10, 13, 7, 152, 255, 10, 12, 7, 152, 255, 9, 12, 10, 11, 7, 152, 255, 10, 10, 7, 152, 255, 9, 11, 10, 10, 7, 152, 255, 9, 10, 10, 10, 7, 152, 255, 9, 10, 10, 10, 7, 184, 255, 9, 9, 255, 255, 255, 6, 16, 9, 11, 10, 11, 7, 152, 255, 255, 9, 12, 10, 10, 7, 184, 255, 255, 9, 12, 255, 255, 9, 11, 255, 9, 10, 255, 9, 10, 255, 9, 9, 255, 255, 255, 9, 11, 255, 6, 16, 9, 12, 10, 14, 7, 152, 255, 9, 12, 10, 13, 7, 152, 255, 255, 9, 12, 10, 12, 7, 152, 255, 255, 9, 11, 10, 10, 7, 152, 255, 9, 10, 255, 9, 10, 10, 10, 7, 184, 255, 9, 9, 255, 255, 255, 9, 11, 255, 6, 31, 9, 12, 10, 14, 7, 152, 255, 9, 12, 10, 13, 7, 152, 255, 10, 12, 7, 152, 255, 9, 12, 10, 11, 7, 152, 255, 10, 10, 7, 152, 255, 9, 11, 10, 10, 7, 152, 255, 255, 9, 10, 10, 10, 7, 184, 255, 255, 9, 9, 255, 255, 9, 11, 255, 6, 31, 9, 12, 10, 14, 7, 152, 255, 9, 12, 10, 13, 7, 152, 255, 10, 12, 7, 152, 255, 9, 12, 10, 11, 7, 152, 255, 10, 10, 7, 152, 255, 9, 11, 10, 10, 7, 152, 255, 9, 10, 10, 10, 7, 152, 255, 9, 10, 10, 10, 7, 184, 255, 9, 9, 255, 255, 255, 6, 31, 9, 11, 10, 14, 7, 152, 255, 255, 9, 12, 255, 10, 13, 7, 152, 255, 9, 12, 10, 11, 7, 152, 255, 10, 10, 255, 7, 152, 255, 9, 11, 10, 10, 7, 152, 255, 9, 10, 10, 10, 7, 152, 255, 9, 10, 10, 10, 7, 184, 255, 9, 9, 255, 255, 255, 9, 11, 255, 6, 31, 9, 12, 10, 14, 7, 152, 255, 9, 12, 10, 13, 7, 152, 255, 255, 9, 12, 10, 11, 7, 152, 255, 255, 9, 11, 10, 10, 7, 152, 255, 255, 9, 10, 10, 10, 7, 184, 255, 9, 9, 255, 255, 255, 9, 11, 255, 6, 31, 9, 12, 10, 14, 7, 152, 255, 9, 12, 10, 13, 7, 152, 255, 10, 12, 7, 152, 255, 9, 12, 10, 11, 7, 152, 255, 10, 10, 7, 152, 255, 9, 11, 10, 10, 7, 152, 255, 255, 9, 10, 10, 10, 7, 184, 255, 255, 9, 9, 255, 255, 9, 11, 255, 6, 31, 9, 12, 10, 12, 7, 152, 255, 9, 12, 10, 12, 7, 152, 255, 10, 10, 7, 152, 255, 9, 12, 10, 10, 7, 152, 255, 10, 10, 7, 152, 255, 9, 11, 10, 13, 7, 152, 255, 9, 10, 10, 12, 7, 152, 255, 9, 10, 10, 12, 7, 152, 255, 9, 9, 10, 10, 7, 152, 255, 10, 10, 7, 152, 255, 255, 1, 0, 0, 128, 1, 0, 0, 144, 5, 0, 4, 159, 6, 31, 5, 1, 4, 31, 6, 31, 6, 16, 8, 14, 9, 11, 10, 12, 7, 152, 10, 13, 7, 152, 255, 255, 8, 13, 9, 12, 10, 13, 7, 152, 255, 255, 8, 12, 9, 12, 10, 13, 7, 152, 255, 10, 12, 7, 152, 255, 9, 11, 10, 12, 7, 152, 10, 11, 7, 152, 255, 6, 16, 8, 12, 9, 10, 10, 13, 7, 152, 255, 9, 10, 10, 13, 7, 152, 10, 14, 7, 152, 255, 9, 9, 10, 13, 7, 152, 255, 10, 12, 7, 152, 255, 8, 11, 10, 11, 7, 152, 255, 9, 12, 255, 3, 1, 2, 143, 3, 1, 2, 175, 6, 31, 8, 10, 9, 12, 10, 14, 7, 152, 255, 9, 13, 10, 13, 7, 152, 255, 255, 9, 12, 10, 11, 7, 152, 255, 255, 9, 12, 10, 10, 7, 152, 255, 9, 11, 255, 9, 10, 10, 10, 7, 184, 255, 9, 10, 255, 255, 255, 9, 12, 255, 9, 12, 255, 9, 13, 255, 255, 9, 12, 255, 255, 9, 12, 255, 255, 9, 10, 255, 255, 9, 10, 255, 255, 9, 12, 255, 9, 12, 255, 9, 13, 255, 255, 9, 12, 255, 255, 9, 12, 255, 9, 11, 255, 9, 10, 255, 9, 10, 255, 255, 255, 3, 1, 2, 168, 3, 1, 2, 200, 9, 12, 10, 14, 7, 152, 255, 255, 9, 13, 10, 13, 7, 152, 255, 255, 9, 12, 10, 11, 7, 152, 255, 10, 10, 7, 152, 255, 9, 12, 10, 10, 7, 152, 255, 9, 11, 10, 10, 7, 152, 255, 9, 10, 10, 10, 7, 184, 255, 9, 10, 255, 255, 255, 255, 255, 255, 255, 255, 255, 255, 255, 255, 255, 255, 255, 255, 255, 255, 255, 255, 255, 255, 255, 255, 255, 255, 255, 3, 1, 2, 192, 3, 2, 2, 0, 9, 12, 255, 9, 12, 255, 9, 13, 255, 255, 9, 12, 255, 255, 9, 12, 255, 9, 11, 255, 9, 10, 255, 9, 10, 255, 255, 255, 255, 255, 255, 255, 255, 255, 255, 255, 255, 255, 255, 255, 3, 2, 2, 15, 3, 2, 2, 63, 6, 31, 9, 12, 10, 0, 7, 188, 255, 9, 12, 255, 9, 13, 255, 255, 9, 12, 255, 255, 9, 12, 255, 9, 11, 255, 9, 10, 255, 9, 10, 255, 255, 255, 255, 255, 255, 255, 255, 255, 255, 255, 255, 255, 255, 255, 255, 255, 255, 255, 255, 255, 255, 255, 255, 255, 255, 255, 255, 255, 255, 255, 255, 255, 255, 255, 255, 255, 255, 255, 255, 255, 255, 255, 255, 255, 255, 255, 255, 255, 255, 255, 255, 255, 255, 255, 255, 255, 255, 255, 255, 255, 255, 255, 255, 255, 255, 255, 255, 255, 255, 255, 255, 255, 255, 255, 255, 255, 255, 255, 255, 255, 255, 255, 255, 255, 255, 255, 8, 0, 9, 0, 10, 0, 0, 0, 1, 0, 2, 0, 3, 0, 4, 0, 5, 0, 6, 0, 7, 128, 8, 0, 9, 0, 10, 0, 11, 0, 12, 0, 13, 0, 255, 255, 255, 255, 255, 255, 255, 255, 255, 255, 255, 255, 255, 255, 255, 255, 255, 255, 255, 255, 255, 255, 255, 255, 255, 255, 255, 255

SILENCIO: DB $08,$00,$09,$00,$0A,$00, 0x28
end start
