wrtpsg: equ  0093h

org 0xC000

start:
  DI
  ld hl,DATA_0      ; DATA TO BE SENT TO PLAYER
loop:   ld A,(hl) ; 
        cp 0x28   ; 0x28 marks the end of data
        ret z
        cp 0xFF   ; if FF, waits for interrupt
        jr z, WAIT_INTERRUPT
        inc hl	  ; gets the data to the register.
  	    ld e,(hl)
        call wrtpsg
        INC HL	; gets the next register
        jr loop
WAIT_INTERRUPT:
		INC HL
  		EI
  		HALT
        jr loop

DATA_0: DB 7, 184, 7, 184, 7, 184, 7, 184, 255, 7, 184, 7, 184, 7, 184, 7, 184, 255, 7, 184, 7, 184, 7, 184, 7, 184, 255, 7, 184, 7, 184, 7, 184, 7, 184, 255, 7, 184, 7, 184, 7, 184, 7, 184, 255, 7, 184, 7, 184, 7, 184, 7, 184, 255, 7, 184, 7, 184, 7, 184, 7, 184, 255, 7, 184, 7, 184, 8, 0, 1, 0, 0, 232, 7, 184, 9, 0, 3, 0, 2, 232, 7, 184, 255, 10, 0, 5, 3, 4, 160, 7, 184, 7, 184, 7, 184, 7, 184, 255, 7, 184, 7, 184, 7, 184, 7, 184, 255, 7, 184, 7, 184, 7, 184, 7, 184, 255, 7, 184, 7, 184, 7, 184, 7, 184, 255, 7, 184, 7, 184, 7, 184, 7, 184, 255, 7, 184, 7, 184, 7, 184, 7, 184, 255, 7, 184, 7, 184, 7, 184, 7, 184, 255, 7, 184, 7, 184, 8, 12, 1, 0, 0, 152, 7, 184, 9, 12, 3, 0, 2, 190, 7, 184, 10, 12, 5, 2, 4, 248, 255, 7, 184, 7, 184, 8, 11, 7, 184, 9, 11, 7, 184, 10, 11, 255, 7, 184, 7, 184, 8, 10, 7, 184, 9, 10, 7, 184, 10, 10, 255, 7, 184, 7, 184, 8, 9, 7, 184, 9, 9, 7, 184, 10, 9, 255, 7, 184, 7, 184, 8, 8, 7, 184, 9, 8, 7, 184, 255, 7, 184, 7, 184, 8, 7, 7, 184, 9, 7, 7, 184, 255, 7, 184, 7, 184, 7, 184, 7, 184, 255, 7, 184, 7, 184, 8, 6, 7, 184, 9, 6, 7, 184, 255, 7, 184, 7, 184, 8, 0, 1, 0, 0, 232, 7, 184, 9, 0, 3, 0, 2, 232, 7, 184, 10, 8, 255, 7, 184, 7, 184, 7, 184, 7, 184, 10, 7, 255, 7, 184, 7, 184, 7, 184, 7, 184, 10, 6, 255, 7, 184, 7, 184, 7, 184, 7, 184, 10, 5, 255, 7, 184, 7, 184, 7, 184, 7, 184, 10, 4, 255, 7, 184, 7, 184, 7, 184, 7, 184, 10, 3, 255, 7, 184, 7, 184, 7, 184, 7, 184, 10, 2, 255, 7, 184, 7, 184, 7, 184, 7, 184, 10, 1, 255, 7, 184, 7, 184, 8, 12, 1, 0, 0, 152, 7, 184, 9, 12, 3, 0, 2, 190, 7, 184, 10, 12, 5, 2, 4, 248, 255, 7, 184, 7, 184, 8, 11, 7, 184, 9, 11, 7, 184, 10, 11, 255, 7, 184, 7, 184, 8, 10, 7, 184, 9, 10, 7, 184, 10, 10, 255, 7, 184, 7, 184, 8, 9, 7, 184, 9, 9, 7, 184, 10, 9, 255, 7, 184, 7, 184, 8, 8, 7, 184, 9, 8, 7, 184, 10, 8, 255, 7, 184, 7, 184, 8, 7, 7, 184, 9, 7, 7, 184, 10, 7, 255, 7, 184, 7, 184, 7, 184, 7, 184, 10, 6, 255, 7, 184, 7, 184, 8, 6, 7, 184, 9, 6, 7, 184, 10, 5, 255, 7, 184, 7, 184, 8, 12, 1, 0, 0, 152, 7, 184, 9, 12, 3, 0, 2, 190, 7, 184, 10, 12, 5, 2, 4, 248, 255, 7, 184, 7, 184, 8, 11, 7, 184, 9, 11, 7, 184, 10, 11, 255, 7, 184, 7, 184, 8, 10, 7, 184, 9, 10, 7, 184, 10, 10, 255, 7, 184, 7, 184, 8, 9, 7, 184, 9, 9, 7, 184, 10, 9, 255, 7, 184, 7, 184, 8, 8, 7, 184, 9, 8, 7, 184, 255, 7, 184, 7, 184, 8, 7, 7, 184, 9, 7, 7, 184, 255, 7, 184, 7, 184, 7, 184, 7, 184, 255, 7, 184, 7, 184, 8, 6, 7, 184, 9, 6, 7, 184, 255, 7, 184, 7, 184, 8, 0, 1, 0, 0, 232, 7, 184, 9, 0, 3, 0, 2, 232, 7, 184, 10, 8, 255, 7, 184, 7, 184, 7, 184, 7, 184, 10, 7, 255, 7, 184, 7, 184, 7, 184, 7, 184, 10, 6, 255, 7, 184, 7, 184, 7, 184, 7, 184, 10, 5, 255, 7, 184, 7, 184, 7, 184, 7, 184, 10, 4, 255, 7, 184, 7, 184, 7, 184, 7, 184, 10, 3, 255, 7, 184, 7, 184, 7, 184, 7, 184, 10, 2, 255, 7, 184, 7, 184, 7, 184, 7, 184, 10, 1, 255, 7, 184, 7, 184, 7, 184, 7, 184, 10, 0, 5, 3, 4, 160, 255, 7, 184, 7, 184, 7, 184, 7, 184, 255, 7, 184, 7, 184, 7, 184, 7, 184, 255, 7, 184, 7, 184, 7, 184, 7, 184, 255, 7, 184, 7, 184, 7, 184, 7, 184, 255, 7, 184, 7, 184, 7, 184, 7, 184, 255, 7, 184, 7, 184, 7, 184, 7, 184, 255, 7, 184, 7, 184, 7, 184, 7, 184, 255, 7, 184, 7, 184, 7, 184, 7, 184, 255, 7, 184, 7, 184, 7, 184, 7, 184, 255, 7, 184, 7, 184, 7, 184, 7, 184, 255, 7, 184, 7, 184, 7, 184, 7, 184, 255, 7, 184, 7, 184, 7, 184, 7, 184, 255, 7, 184, 7, 184, 7, 184, 7, 184, 255, 7, 184, 7, 184, 7, 184, 7, 184, 255, 7, 184, 7, 184, 7, 184, 7, 184, 255, 7, 184, 7, 184, 7, 184, 7, 184, 10, 12, 5, 4, 4, 0, 255, 7, 184, 7, 184, 7, 184, 7, 184, 10, 11, 255, 7, 184, 7, 184, 7, 184, 7, 184, 10, 10, 255, 7, 184, 7, 184, 7, 184, 7, 184, 10, 9, 255, 7, 184, 7, 184, 7, 184, 7, 184, 10, 8, 255, 7, 184, 7, 184, 7, 184, 7, 184, 10, 7, 255, 7, 184, 7, 184, 7, 184, 7, 184, 10, 6, 255, 7, 184, 7, 184, 7, 184, 7, 184, 10, 5, 255, 7, 184, 7, 184, 8, 12, 1, 0, 0, 170, 7, 184, 9, 12, 3, 1, 2, 0, 7, 184, 10, 12, 5, 4, 4, 0, 255, 7, 184, 7, 184, 8, 11, 7, 184, 9, 11, 7, 184, 10, 11, 255, 7, 184, 7, 184, 8, 10, 7, 184, 9, 10, 7, 184, 10, 10, 255, 7, 184, 7, 184, 8, 9, 7, 184, 9, 9, 7, 184, 10, 9, 255, 7, 184, 7, 184, 8, 8, 7, 184, 9, 8, 7, 184, 255, 7, 184, 7, 184, 8, 7, 7, 184, 9, 7, 7, 184, 255, 7, 184, 7, 184, 7, 184, 7, 184, 255, 7, 184, 7, 184, 8, 6, 7, 184, 9, 6, 7, 184, 255, 7, 184, 7, 184, 8, 0, 1, 0, 0, 232, 7, 184, 9, 0, 3, 1, 2, 208, 7, 184, 10, 8, 255, 7, 184, 7, 184, 7, 184, 7, 184, 10, 7, 255, 7, 184, 7, 184, 7, 184, 7, 184, 10, 6, 255, 7, 184, 7, 184, 7, 184, 7, 184, 10, 5, 255, 7, 184, 7, 184, 7, 184, 7, 184, 10, 4, 255, 7, 184, 7, 184, 7, 184, 7, 184, 10, 3, 255, 7, 184, 7, 184, 7, 184, 7, 184, 10, 2, 255, 7, 184, 7, 184, 7, 184, 7, 184, 10, 1, 255, 7, 184, 7, 184, 8, 12, 1, 0, 0, 170, 7, 184, 9, 12, 3, 1, 2, 0, 7, 184, 10, 12, 5, 4, 4, 0, 255, 7, 184, 7, 184, 8, 11, 7, 184, 9, 11, 7, 184, 10, 11, 255, 7, 184, 7, 184, 8, 10, 7, 184, 9, 10, 7, 184, 10, 10, 255, 7, 184, 7, 184, 8, 9, 7, 184, 9, 9, 7, 184, 10, 9, 255, 7, 184, 7, 184, 8, 8, 7, 184, 9, 8, 7, 184, 10, 8, 255, 7, 184, 7, 184, 8, 7, 7, 184, 9, 7, 7, 184, 10, 7, 255, 7, 184, 7, 184, 7, 184, 7, 184, 10, 6, 255, 7, 184, 7, 184, 8, 6, 7, 184, 9, 6, 7, 184, 10, 5, 255, 7, 184, 7, 184, 8, 12, 1, 0, 0, 170, 7, 184, 9, 12, 3, 1, 2, 0, 7, 184, 10, 12, 5, 4, 4, 0, 255, 7, 184, 7, 184, 8, 11, 7, 184, 9, 11, 7, 184, 10, 11, 255, 7, 184, 7, 184, 8, 10, 7, 184, 9, 10, 7, 184, 10, 10, 255, 7, 184, 7, 184, 8, 9, 7, 184, 9, 9, 7, 184, 10, 9, 255, 7, 184, 7, 184, 8, 8, 7, 184, 9, 8, 7, 184, 255, 7, 184, 7, 184, 8, 7, 7, 184, 9, 7, 7, 184, 255, 7, 184, 7, 184, 7, 184, 7, 184, 255, 7, 184, 7, 184, 8, 6, 7, 184, 9, 6, 7, 184, 255, 7, 184, 7, 184, 8, 0, 1, 0, 0, 232, 7, 184, 9, 0, 3, 1, 2, 208, 7, 184, 10, 8, 255, 7, 184, 7, 184, 7, 184, 7, 184, 10, 7, 255, 7, 184, 7, 184, 7, 184, 7, 184, 10, 6, 255, 7, 184, 7, 184, 7, 184, 7, 184, 10, 5, 255, 7, 184, 7, 184, 7, 184, 7, 184, 10, 4, 255, 7, 184, 7, 184, 7, 184, 7, 184, 10, 3, 255, 7, 184, 7, 184, 7, 184, 7, 184, 10, 2, 255, 7, 184, 7, 184, 7, 184, 7, 184, 10, 1, 255, 7, 184, 7, 184, 7, 184, 7, 184, 10, 0, 5, 7, 4, 64, 255, 7, 184, 7, 184, 7, 184, 7, 184, 255, 7, 184, 7, 184, 7, 184, 7, 184, 255, 7, 184, 7, 184, 7, 184, 7, 184, 255, 7, 184, 7, 184, 7, 184, 7, 184, 255, 7, 184, 7, 184, 7, 184, 7, 184, 255, 7, 184, 7, 184, 7, 184, 7, 184, 255, 7, 184, 7, 184, 7, 184, 7, 184, 255, 7, 184, 7, 184, 7, 184, 7, 184, 255, 7, 184, 7, 184, 7, 184, 7, 184, 255, 7, 184, 7, 184, 7, 184, 7, 184, 255, 7, 184, 7, 184, 7, 184, 7, 184, 255, 7, 184, 7, 184, 7, 184, 7, 184, 255, 7, 184, 7, 184, 7, 184, 7, 184, 255, 7, 184, 7, 184, 7, 184, 7, 184, 255, 7, 184, 7, 184, 7, 184, 7, 184, 255, 7, 184, 7, 184, 7, 184, 7, 184, 10, 12, 5, 4, 4, 112, 255, 7, 184, 7, 184, 7, 184, 7, 184, 10, 11, 255, 7, 184, 7, 184, 7, 184, 7, 184, 10, 10, 255, 7, 184, 7, 184, 7, 184, 7, 184, 10, 9, 255, 7, 184, 7, 184, 7, 184, 7, 184, 10, 8, 255, 7, 184, 7, 184, 7, 184, 7, 184, 10, 7, 255, 7, 184, 7, 184, 7, 184, 7, 184, 10, 6, 255, 7, 184, 7, 184, 7, 184, 7, 184, 10, 5, 255, 7, 184, 7, 184, 8, 12, 1, 0, 0, 142, 7, 184, 9, 12, 3, 1, 2, 84, 7, 184, 10, 12, 5, 4, 4, 112, 255, 7, 184, 7, 184, 8, 11, 7, 184, 9, 11, 7, 184, 10, 11, 255, 7, 184, 7, 184, 8, 10, 7, 184, 9, 10, 7, 184, 10, 10, 255, 7, 184, 7, 184, 8, 9, 7, 184, 9, 9, 7, 184, 10, 9, 255, 7, 184, 7, 184, 8, 8, 7, 184, 9, 8, 7, 184, 255, 7, 184, 7, 184, 8, 7, 7, 184, 9, 7, 7, 184, 255, 7, 184, 7, 184, 7, 184, 7, 184, 255, 7, 184, 7, 184, 8, 6, 7, 184, 9, 6, 7, 184, 255, 7, 184, 7, 184, 8, 0, 1, 0, 0, 232, 7, 184, 9, 0, 3, 1, 2, 208, 7, 184, 10, 8, 255, 7, 184, 7, 184, 7, 184, 7, 184, 10, 7, 255, 7, 184, 7, 184, 7, 184, 7, 184, 10, 6, 255, 7, 184, 7, 184, 7, 184, 7, 184, 10, 5, 255, 7, 184, 7, 184, 7, 184, 7, 184, 10, 4, 255, 7, 184, 7, 184, 7, 184, 7, 184, 10, 3, 255, 7, 184, 7, 184, 7, 184, 7, 184, 10, 2, 255, 7, 184, 7, 184, 7, 184, 7, 184, 10, 1, 255, 7, 184, 7, 184, 8, 12, 1, 0, 0, 142, 7, 184, 9, 12, 3, 1, 2, 84, 7, 184, 10, 12, 5, 4, 4, 112, 255, 7, 184, 7, 184, 8, 11, 7, 184, 9, 11, 7, 184, 10, 11, 255, 7, 184, 7, 184, 8, 10, 7, 184, 9, 10, 7, 184, 10, 10, 255, 7, 184, 7, 184, 8, 9, 7, 184, 9, 9, 7, 184, 10, 9, 255, 7, 184, 7, 184, 8, 8, 7, 184, 9, 8, 7, 184, 10, 8, 255, 7, 184, 7, 184, 8, 7, 7, 184, 9, 7, 7, 184, 10, 7, 255, 7, 184, 7, 184, 7, 184, 7, 184, 10, 6, 255, 7, 184, 7, 184, 8, 6, 7, 184, 9, 6, 7, 184, 10, 5, 255, 7, 184, 7, 184, 8, 12, 1, 0, 0, 152, 7, 184, 9, 12, 3, 1, 2, 124, 7, 184, 10, 12, 5, 4, 4, 0, 255, 7, 184, 7, 184, 8, 11, 7, 184, 9, 11, 7, 184, 10, 11, 255, 7, 184, 7, 184, 8, 10, 7, 184, 9, 10, 7, 184, 10, 10, 255, 7, 184, 7, 184, 8, 9, 7, 184, 9, 9, 7, 184, 10, 9, 255, 7, 184, 7, 184, 8, 8, 7, 184, 9, 8, 7, 184, 255, 7, 184, 7, 184, 8, 7, 7, 184, 9, 7, 7, 184, 255, 7, 184, 7, 184, 7, 184, 7, 184, 255, 7, 184, 7, 184, 7, 184, 7, 184, 255, 7, 184, 7, 184, 7, 184, 7, 184, 10, 8, 255, 7, 184, 7, 184, 7, 184, 7, 184, 10, 7, 255, 7, 184, 7, 184, 7, 184, 7, 184, 10, 6, 255, 7, 184, 7, 184, 7, 184, 7, 184, 10, 5, 255, 7, 184, 7, 184, 7, 184, 7, 184, 10, 4, 255, 7, 184, 7, 184, 7, 184, 7, 184, 10, 3, 255, 7, 184, 7, 184, 7, 184, 7, 184, 10, 2, 255, 7, 184, 7, 184, 8, 6, 7, 184, 9, 6, 7, 184, 10, 1, 255, 7, 184, 7, 184, 8, 12, 1, 0, 0, 170, 7, 184, 9, 12, 3, 1, 2, 148, 7, 184, 10, 12, 5, 4, 4, 0, 255, 7, 184, 7, 184, 8, 11, 7, 184, 9, 11, 7, 184, 10, 11, 255, 7, 184, 7, 184, 8, 10, 7, 184, 9, 10, 7, 184, 10, 10, 255, 7, 184, 7, 184, 8, 9, 7, 184, 9, 9, 7, 184, 10, 9, 255, 7, 184, 7, 184, 8, 8, 7, 184, 9, 8, 7, 184, 255, 7, 184, 7, 184, 8, 7, 7, 184, 9, 7, 7, 184, 255, 7, 184, 7, 184, 7, 184, 7, 184, 255, 7, 184, 7, 184, 7, 184, 7, 184, 255, 7, 184, 7, 184, 7, 184, 7, 184, 10, 8, 255, 7, 184, 7, 184, 7, 184, 7, 184, 10, 7, 255, 7, 184, 7, 184, 7, 184, 7, 184, 10, 6, 255, 7, 184, 7, 184, 7, 184, 7, 184, 10, 5, 255, 7, 184, 7, 184, 7, 184, 7, 184, 10, 4, 255, 7, 184, 7, 184, 7, 184, 7, 184, 10, 3, 255, 7, 184, 7, 184, 7, 184, 7, 184, 10, 2, 255, 7, 184, 7, 184, 8, 6, 7, 184, 9, 6, 7, 184, 10, 1, 255, 7, 184, 7, 184, 8, 12, 1, 0, 0, 152, 7, 184, 9, 12, 3, 1, 2, 124, 7, 184, 10, 12, 5, 2, 4, 248, 255, 7, 184, 7, 184, 8, 11, 7, 184, 9, 11, 7, 184, 10, 11, 255, 7, 184, 7, 184, 8, 10, 7, 184, 9, 10, 7, 184, 10, 10, 255, 7, 184, 7, 184, 8, 9, 7, 184, 9, 9, 7, 184, 10, 9, 255, 7, 184, 7, 184, 8, 8, 7, 184, 9, 8, 7, 184, 10, 8, 255, 7, 184, 7, 184, 8, 7, 7, 184, 9, 7, 7, 184, 10, 7, 255, 7, 184, 7, 184, 7, 184, 7, 184, 10, 6, 255, 7, 184, 7, 184, 8, 6, 7, 184, 9, 6, 7, 184, 10, 5, 255, 7, 184, 7, 184, 8, 12, 1, 0, 0, 190, 7, 184, 9, 12, 3, 1, 2, 0, 7, 184, 10, 12, 5, 2, 4, 248, 255, 7, 184, 7, 184, 8, 11, 7, 184, 9, 11, 7, 184, 10, 11, 255, 7, 184, 7, 184, 8, 10, 7, 184, 9, 10, 7, 184, 10, 10, 255, 7, 184, 7, 184, 8, 9, 7, 184, 9, 9, 7, 184, 10, 9, 255, 7, 184, 7, 184, 8, 8, 7, 184, 9, 8, 7, 184, 10, 8, 255, 7, 184, 7, 184, 8, 7, 7, 184, 9, 7, 7, 184, 10, 7, 255, 7, 184, 7, 184, 7, 184, 7, 184, 10, 6, 255, 7, 184, 7, 184, 8, 6, 7, 184, 9, 6, 7, 184, 10, 5, 255, 7, 184, 7, 184, 8, 0, 1, 0, 0, 232, 7, 184, 9, 0, 3, 1, 2, 208, 7, 184, 10, 0, 5, 3, 4, 160, 255, 7, 184, 7, 184, 7, 184, 7, 184, 255, 7, 184, 7, 184, 7, 184, 7, 184, 255, 7, 184, 7, 184, 7, 184, 7, 184, 255, 7, 184, 7, 184, 7, 184, 7, 184, 255, 7, 184, 7, 184, 7, 184, 7, 184, 255, 7, 184, 7, 184, 7, 184, 7, 184, 255, 7, 184, 7, 184, 7, 184, 7, 184, 255, 7, 184, 7, 184, 8, 12, 1, 1, 0, 0, 7, 184, 9, 12, 3, 1, 2, 124, 7, 184, 10, 12, 5, 2, 4, 248, 255, 7, 184, 7, 184, 8, 11, 7, 184, 9, 11, 7, 184, 10, 11, 255, 7, 184, 7, 184, 8, 10, 7, 184, 9, 10, 7, 184, 10, 10, 255, 7, 184, 7, 184, 8, 9, 7, 184, 9, 9, 7, 184, 10, 9, 255, 7, 184, 7, 184, 8, 8, 7, 184, 9, 8, 7, 184, 10, 8, 255, 7, 184, 7, 184, 8, 7, 7, 184, 9, 7, 7, 184, 10, 7, 255, 7, 184, 7, 184, 7, 184, 7, 184, 10, 6, 255, 7, 184, 7, 184, 8, 6, 7, 184, 9, 6, 7, 184, 10, 5, 255, 7, 184, 7, 184, 8, 0, 1, 1, 0, 208, 7, 184, 9, 0, 3, 1, 2, 208, 7, 184, 10, 12, 5, 2, 4, 248, 255, 7, 184, 7, 184, 7, 184, 7, 184, 10, 11, 255, 7, 184, 7, 184, 7, 184, 7, 184, 10, 10, 255, 7, 184, 7, 184, 7, 184, 7, 184, 10, 9, 255, 7, 184, 7, 184, 7, 184, 7, 184, 10, 8, 255, 7, 184, 7, 184, 7, 184, 7, 184, 10, 7, 255, 7, 184, 7, 184, 7, 184, 7, 184, 10, 6, 255, 7, 184, 7, 184, 7, 184, 7, 184, 10, 5, 255, 7, 184, 7, 184, 7, 184, 7, 184, 10, 12, 5, 2, 4, 56, 255, 7, 184, 7, 184, 7, 184, 7, 184, 10, 11, 255, 7, 184, 7, 184, 7, 184, 7, 184, 10, 10, 255, 7, 184, 7, 184, 7, 184, 7, 184, 10, 9, 255, 7, 184, 7, 184, 7, 184, 7, 184, 10, 8, 255, 7, 184, 7, 184, 7, 184, 7, 184, 10, 7, 255, 7, 184, 7, 184, 7, 184, 7, 184, 10, 6, 255, 7, 184, 7, 184, 7, 184, 7, 184, 10, 5, 255, 7, 184, 7, 184, 7, 184, 7, 184, 10, 12, 5, 2, 4, 96, 255, 7, 184, 7, 184, 7, 184, 7, 184, 10, 11, 255, 7, 184, 7, 184, 7, 184, 7, 184, 10, 10, 255, 7, 184, 7, 184, 7, 184, 7, 184, 10, 9, 255, 7, 184, 7, 184, 7, 184, 7, 184, 10, 8, 255, 7, 184, 7, 184, 7, 184, 7, 184, 10, 7, 255, 7, 184, 7, 184, 7, 184, 7, 184, 10, 6, 255, 7, 184, 7, 184, 7, 184, 7, 184, 10, 5, 255, 7, 184, 7, 184, 7, 184, 7, 184, 10, 12, 5, 2, 4, 168, 255, 7, 184, 7, 184, 7, 184, 7, 184, 10, 11, 255, 7, 184, 7, 184, 7, 184, 7, 184, 10, 10, 255, 7, 184, 7, 184, 7, 184, 7, 184, 10, 9, 255, 7, 184, 7, 184, 7, 184, 7, 184, 10, 8, 255, 7, 184, 7, 184, 7, 184, 7, 184, 10, 7, 255, 7, 184, 7, 184, 7, 184, 7, 184, 10, 6, 255, 7, 184, 7, 184, 7, 184, 7, 184, 10, 5, 255, 7, 184, 7, 184, 8, 12, 1, 1, 0, 48, 7, 184, 9, 12, 3, 1, 2, 124, 7, 184, 10, 12, 5, 2, 4, 248, 255, 7, 184, 7, 184, 8, 11, 7, 184, 9, 11, 7, 184, 10, 11, 255, 7, 184, 7, 184, 8, 10, 7, 184, 9, 10, 7, 184, 10, 10, 255, 7, 184, 7, 184, 8, 9, 7, 184, 9, 9, 7, 184, 10, 9, 255, 7, 184, 7, 184, 8, 8, 7, 184, 9, 8, 7, 184, 10, 8, 255, 7, 184, 7, 184, 8, 7, 7, 184, 9, 7, 7, 184, 10, 7, 255, 7, 184, 7, 184, 7, 184, 7, 184, 10, 6, 255, 7, 184, 7, 184, 7, 184, 9, 6, 7, 184, 10, 5, 255, 7, 184, 7, 184, 7, 184, 9, 0, 3, 1, 2, 208, 7, 184, 10, 0, 5, 3, 4, 160, 255, 7, 184, 7, 184, 7, 184, 7, 184, 255, 7, 184, 7, 184, 7, 184, 7, 184, 255, 7, 184, 7, 184, 7, 184, 7, 184, 255, 7, 184, 7, 184, 7, 184, 7, 184, 255, 7, 184, 7, 184, 7, 184, 7, 184, 255, 7, 184, 7, 184, 7, 184, 7, 184, 255, 7, 184, 7, 184, 8, 6, 7, 184, 7, 184, 255, 7, 184, 7, 184, 8, 12, 1, 1, 0, 0, 7, 184, 9, 12, 3, 1, 2, 48, 7, 184, 10, 12, 5, 1, 4, 124, 255, 7, 184, 7, 184, 8, 11, 7, 184, 9, 11, 7, 184, 10, 11, 255, 7, 184, 7, 184, 8, 10, 7, 184, 9, 10, 7, 184, 10, 10, 255, 7, 184, 7, 184, 8, 9, 7, 184, 9, 9, 7, 184, 10, 9, 255, 7, 184, 7, 184, 8, 8, 7, 184, 9, 8, 7, 184, 10, 8, 255, 7, 184, 7, 184, 8, 7, 7, 184, 9, 7, 7, 184, 10, 7, 255, 7, 184, 7, 184, 7, 184, 7, 184, 10, 6, 255, 7, 184, 7, 184, 8, 6, 7, 184, 9, 6, 7, 184, 10, 5, 255, 7, 184, 7, 184, 8, 12, 1, 0, 0, 190, 7, 184, 9, 12, 3, 1, 2, 0, 7, 184, 10, 12, 5, 1, 4, 124, 255, 7, 184, 7, 184, 8, 11, 7, 184, 9, 11, 7, 184, 10, 11, 255, 7, 184, 7, 184, 8, 10, 7, 184, 9, 10, 7, 184, 10, 10, 255, 7, 184, 7, 184, 8, 9, 7, 184, 9, 9, 7, 184, 10, 9, 255, 7, 184, 7, 184, 8, 8, 7, 184, 9, 8, 7, 184, 10, 8, 255, 7, 184, 7, 184, 8, 7, 7, 184, 9, 7, 7, 184, 10, 7, 255, 7, 184, 7, 184, 7, 184, 7, 184, 10, 6, 255, 7, 184, 7, 184, 8, 6, 7, 184, 9, 6, 7, 184, 10, 5, 255, 7, 184, 7, 184, 8, 0, 1, 0, 0, 232, 7, 184, 9, 0, 3, 1, 2, 208, 7, 184, 10, 12, 5, 2, 4, 248, 255, 7, 184, 7, 184, 7, 184, 7, 184, 10, 11, 255, 7, 184, 7, 184, 7, 184, 7, 184, 10, 10, 255, 7, 184, 7, 184, 7, 184, 7, 184, 10, 9, 255, 7, 184, 7, 184, 7, 184, 7, 184, 10, 8, 255, 7, 184, 7, 184, 7, 184, 7, 184, 10, 7, 255, 7, 184, 7, 184, 7, 184, 7, 184, 10, 6, 255, 7, 184, 7, 184, 7, 184, 7, 184, 10, 5, 255, 7, 184, 7, 184, 8, 12, 1, 1, 0, 0, 7, 184, 9, 12, 3, 1, 2, 48, 7, 184, 10, 0, 5, 3, 4, 160, 255, 7, 184, 7, 184, 8, 11, 7, 184, 9, 11, 7, 184, 255, 7, 184, 7, 184, 8, 10, 7, 184, 9, 10, 7, 184, 255, 7, 184, 7, 184, 8, 9, 7, 184, 9, 9, 7, 184, 255, 7, 184, 7, 184, 8, 8, 7, 184, 9, 8, 7, 184, 255, 7, 184, 7, 184, 8, 7, 7, 184, 9, 7, 7, 184, 255, 7, 184, 7, 184, 7, 184, 7, 184, 255, 7, 184, 7, 184, 8, 6, 7, 184, 9, 6, 7, 184, 255, 7, 184, 7, 184, 8, 0, 1, 1, 0, 208, 7, 184, 9, 0, 3, 1, 2, 208, 7, 184, 10, 12, 5, 1, 4, 124, 255, 7, 184, 7, 184, 7, 184, 7, 184, 10, 11, 255, 7, 184, 7, 184, 7, 184, 7, 184, 10, 10, 255, 7, 184, 7, 184, 7, 184, 7, 184, 10, 9, 255, 7, 184, 7, 184, 7, 184, 7, 184, 10, 8, 255, 7, 184, 7, 184, 7, 184, 7, 184, 10, 7, 255, 7, 184, 7, 184, 7, 184, 7, 184, 10, 6, 255, 7, 184, 7, 184, 7, 184, 7, 184, 10, 5, 255, 7, 184, 7, 184, 8, 12, 1, 1, 0, 48, 7, 184, 9, 12, 3, 1, 2, 124, 7, 184, 10, 12, 5, 1, 4, 124, 255, 7, 184, 7, 184, 8, 11, 7, 184, 9, 11, 7, 184, 10, 11, 255, 7, 184, 7, 184, 8, 10, 7, 184, 9, 10, 7, 184, 10, 10, 255, 7, 184, 7, 184, 8, 9, 7, 184, 9, 9, 7, 184, 10, 9, 255, 7, 184, 7, 184, 8, 8, 7, 184, 9, 8, 7, 184, 10, 8, 255, 7, 184, 7, 184, 8, 7, 7, 184, 9, 7, 7, 184, 10, 7, 255, 7, 184, 7, 184, 7, 184, 7, 184, 10, 6, 255, 7, 184, 7, 184, 8, 6, 7, 184, 9, 6, 7, 184, 10, 5, 255, 7, 184, 7, 184, 8, 12, 1, 1, 0, 28, 7, 184, 9, 12, 3, 1, 2, 84, 7, 184, 10, 12, 5, 4, 4, 112, 255, 7, 184, 7, 184, 8, 11, 7, 184, 9, 11, 7, 184, 10, 11, 255, 7, 184, 7, 184, 8, 10, 7, 184, 9, 10, 7, 184, 10, 10, 255, 7, 184, 7, 184, 8, 9, 7, 184, 9, 9, 7, 184, 10, 9, 255, 7, 184, 7, 184, 8, 8, 7, 184, 9, 8, 7, 184, 10, 8, 255, 7, 184, 7, 184, 8, 7, 7, 184, 9, 7, 7, 184, 10, 7, 255, 7, 184, 7, 184, 7, 184, 7, 184, 10, 6, 255, 7, 184, 7, 184, 7, 184, 9, 6, 7, 184, 10, 5, 255, 7, 184, 7, 184, 7, 184, 9, 0, 3, 1, 2, 208, 7, 184, 10, 0, 5, 7, 4, 64, 255, 7, 184, 7, 184, 7, 184, 7, 184, 255, 7, 184, 7, 184, 7, 184, 7, 184, 255, 7, 184, 7, 184, 7, 184, 7, 184, 255, 7, 184, 7, 184, 7, 184, 7, 184, 255, 7, 184, 7, 184, 7, 184, 7, 184, 255, 7, 184, 7, 184, 7, 184, 7, 184, 255, 7, 184, 7, 184, 8, 6, 7, 184, 7, 184, 255, 7, 184, 7, 184, 8, 12, 1, 0, 0, 228, 7, 184, 9, 12, 3, 1, 2, 28, 7, 184, 10, 12, 5, 2, 4, 56, 255, 7, 184, 7, 184, 8, 11, 7, 184, 9, 11, 7, 184, 10, 11, 255, 7, 184, 7, 184, 8, 10, 7, 184, 9, 10, 7, 184, 10, 10, 255, 7, 184, 7, 184, 8, 9, 7, 184, 9, 9, 7, 184, 10, 9, 255, 7, 184, 7, 184, 8, 8, 7, 184, 9, 8, 7, 184, 10, 8, 255, 7, 184, 7, 184, 8, 7, 7, 184, 9, 7, 7, 184, 10, 7, 255, 7, 184, 7, 184, 7, 184, 7, 184, 10, 6, 255, 7, 184, 7, 184, 8, 6, 7, 184, 9, 6, 7, 184, 10, 5, 255, 7, 184, 7, 184, 8, 12, 1, 0, 0, 190, 7, 184, 9, 12, 3, 0, 2, 228, 7, 184, 10, 12, 5, 2, 4, 56, 255, 7, 184, 7, 184, 8, 11, 7, 184, 9, 11, 7, 184, 10, 11, 255, 7, 184, 7, 184, 8, 10, 7, 184, 9, 10, 7, 184, 10, 10, 255, 7, 184, 7, 184, 8, 9, 7, 184, 9, 9, 7, 184, 10, 9, 255, 7, 184, 7, 184, 8, 8, 7, 184, 9, 8, 7, 184, 10, 8, 255, 7, 184, 7, 184, 8, 7, 7, 184, 9, 7, 7, 184, 10, 7, 255, 7, 184, 7, 184, 7, 184, 7, 184, 10, 6, 255, 7, 184, 7, 184, 7, 184, 9, 6, 7, 184, 10, 5, 255, 7, 184, 7, 184, 7, 184, 9, 0, 3, 1, 2, 208, 7, 184, 10, 12, 5, 4, 4, 112, 255, 7, 184, 7, 184, 7, 184, 7, 184, 10, 11, 255, 7, 184, 7, 184, 7, 184, 7, 184, 10, 10, 255, 7, 184, 7, 184, 7, 184, 7, 184, 10, 9, 255, 7, 184, 7, 184, 7, 184, 7, 184, 10, 8, 255, 7, 184, 7, 184, 7, 184, 7, 184, 10, 7, 255, 7, 184, 7, 184, 7, 184, 7, 184, 10, 6, 255, 7, 184, 7, 184, 8, 6, 7, 184, 7, 184, 10, 5, 255, 7, 184, 7, 184, 8, 12, 1, 0, 0, 142, 7, 184, 9, 12, 3, 1, 2, 124, 7, 184, 10, 0, 5, 7, 4, 64, 255, 7, 184, 7, 184, 8, 11, 7, 184, 9, 11, 7, 184, 255, 7, 184, 7, 184, 8, 10, 7, 184, 9, 10, 7, 184, 255, 7, 184, 7, 184, 8, 9, 7, 184, 9, 9, 7, 184, 255, 7, 184, 7, 184, 8, 8, 7, 184, 9, 8, 7, 184, 255, 7, 184, 7, 184, 8, 7, 7, 184, 9, 7, 7, 184, 255, 7, 184, 7, 184, 7, 184, 7, 184, 255, 7, 184, 7, 184, 7, 184, 9, 6, 7, 184, 255, 7, 184, 7, 184, 7, 184, 9, 12, 3, 1, 2, 28, 7, 184, 10, 12, 5, 2, 4, 56, 255, 7, 184, 7, 184, 7, 184, 9, 11, 7, 184, 10, 11, 255, 7, 184, 7, 184, 7, 184, 9, 10, 7, 184, 10, 10, 255, 7, 184, 7, 184, 7, 184, 9, 9, 7, 184, 10, 9, 255, 7, 184, 7, 184, 7, 184, 9, 8, 7, 184, 10, 8, 255, 7, 184, 7, 184, 7, 184, 9, 7, 7, 184, 10, 7, 255, 7, 184, 7, 184, 7, 184, 7, 184, 10, 6, 255, 7, 184, 7, 184, 7, 184, 9, 6, 7, 184, 10, 5, 255, 7, 184, 7, 184, 7, 184, 9, 12, 3, 0, 2, 228, 7, 184, 10, 12, 5, 2, 4, 56, 255, 7, 184, 7, 184, 7, 184, 9, 11, 7, 184, 10, 11, 255, 7, 184, 7, 184, 7, 184, 9, 10, 7, 184, 10, 10, 255, 7, 184, 7, 184, 7, 184, 9, 9, 7, 184, 10, 9, 255, 7, 184, 7, 184, 7, 184, 9, 8, 7, 184, 10, 8, 255, 7, 184, 7, 184, 7, 184, 9, 7, 7, 184, 10, 7, 255, 7, 184, 7, 184, 7, 184, 7, 184, 10, 6, 255, 7, 184, 7, 184, 8, 6, 7, 184, 9, 6, 7, 184, 10, 5, 255, 7, 184, 7, 184, 8, 12, 1, 0, 0, 152, 7, 184, 9, 12, 3, 0, 2, 190, 7, 184, 10, 12, 5, 2, 4, 248, 255, 7, 184, 7, 184, 8, 11, 7, 184, 9, 11, 7, 184, 10, 11, 255, 7, 184, 7, 184, 8, 10, 7, 184, 9, 10, 7, 184, 10, 10, 255, 7, 184, 7, 184, 8, 9, 7, 184, 9, 9, 7, 184, 10, 9, 255, 7, 184, 7, 184, 8, 8, 7, 184, 9, 8, 7, 184, 10, 8, 255, 7, 184, 7, 184, 8, 7, 7, 184, 9, 7, 7, 184, 10, 7, 255, 7, 184, 7, 184, 7, 184, 7, 184, 10, 6, 255, 7, 184, 7, 184, 7, 184, 7, 184, 10, 5, 255, 7, 184, 7, 184, 7, 184, 7, 184, 10, 0, 5, 3, 4, 160, 255, 7, 184, 7, 184, 7, 184, 7, 184, 255, 7, 184, 7, 184, 7, 184, 7, 184, 255, 7, 184, 7, 184, 7, 184, 7, 184, 255, 7, 184, 7, 184, 7, 184, 7, 184, 255, 7, 184, 7, 184, 7, 184, 7, 184, 255, 7, 184, 7, 184, 7, 184, 7, 184, 255, 7, 184, 7, 184, 7, 184, 7, 184, 255, 7, 184, 7, 184, 7, 184, 7, 184, 10, 12, 5, 2, 4, 248, 255, 7, 184, 7, 184, 7, 184, 7, 184, 10, 11, 255, 7, 184, 7, 184, 7, 184, 7, 184, 10, 10, 255, 7, 184, 7, 184, 7, 184, 7, 184, 10, 9, 255, 7, 184, 7, 184, 7, 184, 7, 184, 10, 8, 255, 7, 184, 7, 184, 7, 184, 7, 184, 10, 7, 255, 7, 184, 7, 184, 7, 184, 7, 184, 10, 6, 255, 7, 184, 7, 184, 8, 6, 7, 184, 9, 6, 7, 184, 10, 5, 255, 7, 184, 7, 184, 8, 12, 1, 0, 0, 152, 7, 184, 9, 12, 3, 0, 2, 190, 7, 184, 10, 12, 5, 2, 4, 248, 255, 7, 184, 7, 184, 8, 11, 7, 184, 9, 11, 7, 184, 10, 11, 255, 7, 184, 7, 184, 8, 10, 7, 184, 9, 10, 7, 184, 10, 10, 255, 7, 184, 7, 184, 8, 9, 7, 184, 9, 9, 7, 184, 10, 9, 255, 7, 184, 7, 184, 8, 8, 7, 184, 9, 8, 7, 184, 10, 8, 255, 7, 184, 7, 184, 8, 7, 7, 184, 9, 7, 7, 184, 10, 7, 255, 7, 184, 7, 184, 7, 184, 7, 184, 10, 6, 255, 7, 184, 7, 184, 8, 6, 7, 184, 9, 6, 7, 184, 10, 5, 255, 7, 184, 7, 184, 8, 12, 1, 0, 0, 170, 7, 184, 9, 12, 3, 0, 2, 202, 7, 184, 10, 12, 5, 4, 4, 0, 255, 7, 184, 7, 184, 8, 11, 7, 184, 9, 11, 7, 184, 10, 11, 255, 7, 184, 7, 184, 8, 10, 7, 184, 9, 10, 7, 184, 10, 10, 255, 7, 184, 7, 184, 8, 9, 7, 184, 9, 9, 7, 184, 10, 9, 255, 7, 184, 7, 184, 8, 8, 7, 184, 9, 8, 7, 184, 255, 7, 184, 7, 184, 8, 7, 7, 184, 9, 7, 7, 184, 255, 7, 184, 7, 184, 7, 184, 7, 184, 255, 7, 184, 7, 184, 8, 6, 7, 184, 9, 6, 7, 184, 255, 7, 184, 7, 184, 8, 12, 1, 1, 0, 0, 7, 184, 9, 12, 3, 1, 2, 84, 7, 184, 255, 7, 184, 7, 184, 8, 11, 7, 184, 9, 11, 7, 184, 255, 7, 184, 7, 184, 8, 10, 7, 184, 9, 10, 7, 184, 255, 7, 184, 7, 184, 8, 9, 7, 184, 9, 9, 7, 184, 255, 7, 184, 7, 184, 8, 8, 7, 184, 9, 8, 7, 184, 255, 7, 184, 7, 184, 8, 7, 7, 184, 9, 7, 7, 184, 255, 7, 184, 7, 184, 7, 184, 7, 184, 255, 7, 184, 7, 184, 8, 6, 7, 184, 7, 184, 255, 7, 184, 7, 184, 8, 0, 1, 1, 0, 208, 7, 184, 7, 184, 10, 8, 255, 7, 184, 7, 184, 7, 184, 7, 184, 10, 7, 255, 7, 184, 7, 184, 7, 184, 7, 184, 10, 6, 255, 7, 184, 7, 184, 7, 184, 7, 184, 10, 5, 255, 7, 184, 7, 184, 7, 184, 7, 184, 10, 4, 255, 7, 184, 7, 184, 7, 184, 7, 184, 10, 3, 255, 7, 184, 7, 184, 7, 184, 7, 184, 10, 2, 255, 7, 184, 7, 184, 7, 184, 9, 6, 7, 184, 10, 1, 255, 7, 184, 7, 184, 8, 12, 1, 0, 0, 190, 7, 184, 9, 12, 3, 1, 2, 0, 7, 184, 10, 12, 5, 2, 4, 248, 255, 7, 184, 7, 184, 8, 11, 7, 184, 9, 11, 7, 184, 10, 11, 255, 7, 184, 7, 184, 8, 10, 7, 184, 9, 10, 7, 184, 10, 10, 255, 7, 184, 7, 184, 8, 9, 7, 184, 9, 9, 7, 184, 10, 9, 255, 7, 184, 7, 184, 8, 8, 7, 184, 9, 8, 7, 184, 10, 8, 255, 7, 184, 7, 184, 8, 7, 7, 184, 9, 7, 7, 184, 10, 7, 255, 7, 184, 7, 184, 7, 184, 7, 184, 10, 6, 255, 7, 184, 7, 184, 8, 6, 7, 184, 9, 6, 7, 184, 10, 5, 255, 7, 184, 7, 184, 8, 0, 1, 0, 0, 232, 7, 184, 9, 0, 3, 1, 2, 208, 7, 184, 10, 0, 255, 5, 3, 4, 160, 7, 184, 7, 184, 7, 184, 7, 184, 255, 7, 184, 7, 184, 7, 184, 7, 184, 255, 7, 184, 7, 184, 7, 184, 7, 184, 255, 7, 184, 7, 184, 7, 184, 7, 184, 255, 7, 184, 7, 184, 7, 184, 7, 184, 255, 7, 184, 7, 184, 7, 184, 7, 184, 255, 7, 184, 7, 184, 7, 184, 7, 184, 255, 7, 184, 7, 184, 7, 184, 7, 184, 10, 12, 5, 4, 4, 0, 255, 7, 184, 7, 184, 7, 184, 7, 184, 10, 11, 255, 7, 184, 7, 184, 7, 184, 7, 184, 10, 10, 255, 7, 184, 7, 184, 7, 184, 7, 184, 10, 9, 255, 7, 184, 7, 184, 7, 184, 7, 184, 10, 8, 255, 7, 184, 7, 184, 7, 184, 7, 184, 10, 7, 255, 7, 184, 7, 184, 7, 184, 7, 184, 10, 6, 255, 7, 184, 7, 184, 7, 184, 7, 184, 10, 5, 255, 7, 184, 7, 184, 7, 184, 7, 184, 10, 0, 5, 7, 4, 64, 255, 7, 184, 7, 184, 7, 184, 7, 184, 255, 7, 184, 7, 184, 7, 184, 7, 184, 255, 7, 184, 7, 184, 7, 184, 7, 184, 255, 7, 184, 7, 184, 7, 184, 7, 184, 255, 7, 184, 7, 184, 7, 184, 7, 184, 255, 7, 184, 7, 184, 7, 184, 7, 184, 255, 7, 184, 7, 184, 7, 184, 7, 184, 255, 7, 184, 7, 184, 7, 184, 7, 184, 10, 12, 5, 4, 4, 0, 255, 7, 184, 7, 184, 7, 184, 7, 184, 10, 11, 255, 7, 184, 7, 184, 7, 184, 7, 184, 10, 10, 255, 7, 184, 7, 184, 7, 184, 7, 184, 10, 9, 255, 7, 184, 7, 184, 7, 184, 7, 184, 10, 8, 255, 7, 184, 7, 184, 7, 184, 7, 184, 10, 7, 255, 7, 184, 7, 184, 7, 184, 7, 184, 10, 6, 255, 7, 184, 7, 184, 7, 184, 7, 184, 10, 5, 255, 7, 184, 7, 184, 7, 184, 7, 184, 10, 12, 5, 2, 4, 248, 255, 7, 184, 7, 184, 7, 184, 7, 184, 10, 11, 255, 7, 184, 7, 184, 7, 184, 7, 184, 10, 10, 255, 7, 184, 7, 184, 7, 184, 7, 184, 10, 9, 255, 7, 184, 7, 184, 7, 184, 7, 184, 10, 8, 255, 7, 184, 7, 184, 7, 184, 7, 184, 10, 7, 255, 7, 184, 7, 184, 7, 184, 7, 184, 10, 6, 255, 7, 184, 7, 184, 7, 184, 7, 184, 10, 5, 255, 7, 184, 7, 184, 7, 184, 7, 184, 10, 0, 5, 3, 4, 160, 255, 7, 184, 7, 184, 7, 184, 7, 184, 255, 7, 184, 7, 184, 7, 184, 7, 184, 255, 7, 184, 7, 184, 7, 184, 7, 184, 255, 7, 184, 7, 184, 7, 184, 7, 184, 255, 7, 184, 7, 184, 7, 184, 8, 0, 7, 184, 7, 184, 9, 0, 7, 184, 7, 184, 10, 0, 255, 7, 184, 7, 184, 8, 0, 7, 184, 9, 0, 7, 184, 10, 0, 255, 7, 184, 7, 184, 8, 0, 7, 184, 9, 0, 7, 184, 10, 0, 255, 7, 184, 7, 184, 8, 0, 7, 184, 9, 0, 7, 184, 10, 0, 255, 7, 184, 7, 184, 8, 0, 7, 184, 9, 0, 7, 184, 10, 0, 255, 7, 184, 7, 184, 8, 0, 7, 184, 9, 0, 7, 184, 10, 0, 255, 7, 184, 7, 184, 8, 0, 7, 184, 9, 0, 7, 184, 10, 0, 255, 7, 184, 7, 184, 8, 0, 7, 184, 9, 0, 7, 184, 10, 0, 255, 7, 184, 7, 184, 8, 0, 7, 184, 9, 0, 7, 184, 10, 0, 255, 7, 184, 7, 184, 8, 0, 7, 184, 9, 0, 7, 184, 10, 0, 255, 7, 184, 7, 184, 8, 0, 7, 184, 9, 0, 7, 184, 10, 0, 255, 7, 184, 7, 184, 8, 0, 7, 184, 9, 0, 7, 184, 10, 0, 255, 7, 184, 7, 184, 8, 0, 7, 184, 9, 0, 7, 184, 10, 0, 255, 7, 184, 7, 184, 8, 0, 7, 184, 9, 0, 7, 184, 10, 0, 255, 7, 184, 7, 184, 8, 0, 7, 184, 9, 0, 7, 184, 10, 0, 255, 7, 184, 7, 184, 8, 0, 7, 184, 9, 0, 7, 184, 10, 0, 255

SILENCIO: DB $08,$00,$09,$00,$0A,$00, 0x28
end start
